0 16852973 HR 0.6042738455377852
1 22323967 HR 0.6220646592211132
2 33176873 HR 0.5957844932202225
3 27018550 HR 0.6081065106261113
4 17812897 HR 0.618506608597824
5 11592605 HR 0.5987818636118419
6 25824789 HR 0.6184801994941451
7 15375009 HR 0.647111551537621
8 11847784 HR 0.6186098284080649
9 32896934 HR 0.6046352243752449
10 29149998 HR 0.6047667790809438
11 11480899 HR 0.6106098301230586
12 23155093 HR 0.6236417879851051
13 11763983 HR 0.6199630196963132
14 27490876 HR 0.623907252427796
15 32977530 HR 0.6046382036749098
16 93002334 HR 0.6483163794076999
17 24184357 HR 0.611787929987525
18 73077810 HR 0.6043648296459154
19 13879043 HR 0.6179263466313893
20 30163002 HR 0.6072947325760668
21 18827609 HR 0.572346148723587
22 25676643 HR 0.6222076859472138
23 12786012 HR 0.6401989016035372
24 87968870 HR 0.6290760411401138
25 46258701 HR 0.5815115266225555
26 14225422 HR 0.6120736711856091
27 29297973 HR 0.6169946370702801
28 18334783 HR 0.6074987590600308
29 19717385 HR 0.5568361978336621
30 49937469 HR 0.6281046787850831
31 18316239 HR 0.5944627621512032
32 17855844 HR 0.6011791005730629
33 57667857 HR 0.6444250433330456
34 17422560 HR 0.6273384254256432
35 32947778 HR 0.6276659291328454
